3 4
4 5
5 6
6 7
8 9
9 10
10 11
11 12
12 13
13 14
15 16
16 17
17 18
18 19
19 20
20 21
21 22
22 23
24 25
25 26
26 1
28 3
29 1
30 1
32 3
33 4
34 5
35 6
36 1
38 3
39 4
40 5
41 6
43 8
44 9
46 11
47 12
48 13
49 14
50 15
52 17
53 18
54 19
56 21
57 22
58 23
59 24
60 25
61 26
63 28
65 30
66 31
67 32
68 33
69 34
70 35
71 36
72 37
74 39
75 40
76 41
77 42
78 1
79 2
80 3
81 4
86 1
87 2
88 3
90 5
91 6
92 7
93 1
94 2
95 3
97 5
102 10
103 11
105 1
106 2
108 4
109 5
110 6
111 7
112 8
114 10
116 12
117 13
118 1
120 3
121 4
123 6
124 1
125 2
126 3
127 4
131 8
132 9
133 1
134 2
135 1
136 2
137 3
139 5
142 2
145 5
146 6
150 10
152 12
153 13
155 15
156 16
157 17
159 19
161 21
162 22
163 23
164 24
167 27
168 28
169 29
170 30
171 1
172 2
173 3
174 1
175 2
176 3
177 4
179 6
180 7
182 9
186 13
188 2
190 4
192 6
194 1
195 2
197 4
198 1
199 2
200 3
201 4
202 5
203 6
204 7
205 8
206 9
207 10
208 11
210 2
212 4
213 5
214 6
215 1
216 2
217 3
218 4
219 5
221 7
222 8
223 9
224 10
225 11
226 1
227 2
228 3
229 4
230 5
231 6
232 7
233 1
234 2
235 3
236 4
238 6
239 1
240 2
242 4
243 1
244 2
245 3
246 4
247 5
249 7
252 10
255 13
256 14
257 15
260 18
263 21
265 23
266 24
269 27
270 28
271 29
272 30
275 3
276 4
278 2
279 3
280 4
281 5
282 6
283 7
284 8
285 9
286 1
287 2
288 3
290 5
293 8
294 9
297 12
301 16
302 17
303 18
304 19
305 20
306 21
308 23
309 24
310 25
311 26
312 27
313 28
314 29
315 30
317 32
318 33
319 34
320 35
323 38
327 42
328 43
329 44
330 45
332 1
333 2
335 4
336 1
337 2
338 3
339 4
340 5
342 7
343 8
344 9
345 10
347 12
349 2
353 6
354 1
355 2
356 3
358 2
359 3
360 4
361 5
363 7
365 9
366 10
368 2
369 3
370 4
371 5
373 7
374 8
375 9
377 11
378 12
379 13
380 14
382 16
384 18
385 19
386 1
387 2
389 4
390 1
392 1
394 3
396 5
398 1
400 3
402 5
405 2
408 2
409 3
410 4
411 5
412 6
413 7
414 8
415 9
416 10
417 11
419 13
420 14
421 15
422 16
423 17
424 18
425 19
428 22
429 1
431 3
432 4
433 5
437 9
442 5
443 6
444 7
446 2
447 3
449 5
450 6
452 8
453 9
454 10
455 11
457 13
458 14
460 16
463 1
465 3
467 2
468 3
469 4
470 5
471 6
473 8
474 9
475 10
478 3
479 4
480 5
481 6
483 8
485 10
486 11
487 12
488 13
489 14
491 2
492 3
493 4
494 5
496 7
498 9
499 10
500 11
502 13
503 1
504 2
505 3
506 4
507 5
508 6
509 1
511 3
512 4
513 5
514 6
515 7
516 8
517 9
518 10
519 11
520 12
521 13
524 1
526 2
527 3
529 5
530 6
531 7
532 8
534 10
535 11
536 12
539 15
542 2
543 1
544 2
548 3
550 5
551 6
552 7
553 8
555 10
556 11
557 1
558 2
559 3
560 4
561 5
562 6
563 7
564 8
565 9
566 10
568 12
569 13
570 14
572 16
573 17
574 18
575 19
576 20
577 21
578 22
581 25
582 26
583 27
584 1
585 2
587 4
589 6
590 7
592 9
594 11
596 13
597 14
598 15
599 16
602 19
604 21
605 22
607 24
609 2
614 5
616 2
617 3
619 5
620 6
621 7
623 9
626 12
627 13
629 2
633 6
635 8
636 9
637 1
638 1
640 3
641 4
642 5
643 6
644 7
645 8
646 9
647 10
648 1
650 3
651 4
653 6
655 8
659 12
660 13
661 14
662 15
663 16
664 17
665 18
666 19
668 21
669 22
673 26
676 2
679 2
680 1
681 2
682 3
683 4
686 2
687 3
689 5
690 6
692 8
693 9
694 10
695 11
696 12
697 13
698 14
700 2
701 3
702 4
703 5
706 8
708 1
709 2
710 3
711 4
714 7
715 8
716 9
718 11
719 12
721 14
722 15
723 16
724 17
725 1
727 3
729 5
730 6
731 7
732 8
733 1
734 2
735 3
736 4
739 2
740 3
741 4
743 6
744 7
745 8
747 10
748 11
749 12
751 14
753 16
754 17
755 18
757 20
758 21
761 24
763 26
765 28
766 29
767 30
768 31
770 33
772 1
774 2
775 3
779 7
781 9
782 1
783 2
785 4
786 1
787 2
788 3
789 4
790 5
791 6
792 7
793 1
794 1
797 2
799 4
800 5
801 6
802 1
804 3
805 4
806 5
807 6
809 8
810 1
811 1
813 3
814 4
815 5
818 8
819 9
820 1
821 2
822 3
823 4
825 6
827 2
829 4
831 6
832 7
833 8
836 11
837 12
838 13
839 14
840 15
842 17
844 19
846 21
847 22
849 24
850 25
851 26
852 27
853 28
854 29
855 30
856 31
857 32
858 33
859 34
860 35
861 1
863 1
866 4
867 5
868 6
869 7
870 8
872 10
873 11
875 13
877 15
881 19
883 21
885 23
886 24
887 25
888 26
889 27
890 28
891 29
892 30
893 31
895 33
896 34
897 35
898 36
899 37
900 38
901 39
902 40
903 41
904 42
905 43
906 44
908 46
909 47
911 49
912 50
913 51
914 52
915 53
917 55
918 1
919 2
920 3
921 4
922 1
923 2
925 4
926 5
928 7
930 9
933 12
934 1
935 2
936 3
938 5
939 1
941 3
942 4
945 7
946 8
949 11
950 12
951 13
952 14
953 15
954 16
955 17
956 1
957 2
958 3
959 4
962 3
964 5
966 7
967 1
968 2
970 2
971 1
975 5
976 6
977 1
978 2
979 3
980 1
981 1
982 2
984 4
985 5
987 7
991 11
992 12
994 14
996 16
997 17
998 18
999 19
