3 4
4 5
5 6
6 7
9 10
10 11
11 12
12 13
13 14
18 19
19 20
21 22
22 23
24 25
26 1
28 3
29 1
30 1
32 3
33 4
36 1
38 3
41 6
43 8
44 9
47 12
48 13
50 15
52 17
56 21
57 22
59 24
60 25
61 26
65 30
67 32
68 33
69 34
70 35
71 36
72 37
76 41
78 1
79 2
81 4
86 1
88 3
90 5
94 2
97 5
103 11
108 4
109 5
110 6
112 8
114 10
116 12
117 13
118 1
121 4
124 1
126 3
133 1
135 1
139 5
142 2
145 5
146 6
150 10
152 12
153 13
155 15
156 16
157 17
161 21
162 22
163 23
164 24
167 27
168 28
170 30
171 1
172 2
173 3
174 1
177 4
182 9
186 13
188 2
190 4
192 6
194 1
195 2
197 4
198 1
200 3
203 6
204 7
207 10
208 11
210 2
212 4
213 5
215 1
217 3
218 4
219 5
221 7
222 8
223 9
226 1
227 2
228 3
236 4
238 6
239 1
240 2
242 4
243 1
245 3
249 7
252 10
255 13
257 15
265 23
266 24
269 27
275 3
279 3
280 4
281 5
284 8
285 9
287 2
290 5
293 8
294 9
297 12
301 16
304 19
306 21
308 23
311 26
313 28
314 29
317 32
318 33
320 35
323 38
327 42
328 43
330 45
332 1
333 2
336 1
337 2
338 3
340 5
342 7
343 8
344 9
347 12
354 1
355 2
358 2
359 3
365 9
368 2
369 3
371 5
373 7
374 8
375 9
377 11
379 13
380 14
384 18
385 19
386 1
387 2
389 4
390 1
392 1
394 3
396 5
400 3
402 5
405 2
408 2
409 3
412 6
413 7
414 8
417 11
419 13
420 14
421 15
422 16
423 17
424 18
425 19
428 22
431 3
437 9
446 2
447 3
449 5
450 6
452 8
453 9
455 11
457 13
465 3
467 2
468 3
470 5
473 8
474 9
478 3
479 4
480 5
481 6
483 8
485 10
486 11
487 12
489 14
491 2
492 3
494 5
496 7
499 10
500 11
503 1
505 3
506 4
508 6
509 1
512 4
513 5
515 7
516 8
518 10
519 11
520 12
521 13
524 1
526 2
527 3
529 5
530 6
534 10
535 11
536 12
539 15
543 1
551 6
552 7
553 8
555 10
556 11
558 2
559 3
560 4
562 6
563 7
564 8
565 9
568 12
569 13
570 14
572 16
575 19
578 22
581 25
583 27
584 1
585 2
587 4
590 7
592 9
594 11
597 14
598 15
599 16
617 3
620 6
621 7
623 9
626 12
627 13
629 2
635 8
636 9
637 1
640 3
641 4
642 5
644 7
645 8
646 9
648 1
650 3
651 4
655 8
660 13
661 14
662 15
664 17
665 18
666 19
669 22
673 26
676 2
679 2
681 2
686 2
687 3
692 8
694 10
695 11
696 12
697 13
698 14
700 2
701 3
702 4
708 1
709 2
710 3
711 4
716 9
718 11
719 12
724 17
725 1
730 6
731 7
732 8
733 1
736 4
739 2
740 3
741 4
743 6
744 7
745 8
749 12
751 14
753 16
757 20
758 21
761 24
763 26
766 29
768 31
770 33
772 1
774 2
775 3
779 7
781 9
783 2
787 2
788 3
789 4
791 6
792 7
793 1
794 1
797 2
799 4
800 5
802 1
806 5
809 8
810 1
811 1
814 4
815 5
818 8
819 9
820 1
821 2
827 2
829 4
831 6
832 7
833 8
836 11
838 13
839 14
840 15
844 19
846 21
849 24
850 25
851 26
852 27
853 28
854 29
855 30
856 31
859 34
860 35
861 1
866 4
867 5
868 6
869 7
870 8
872 10
875 13
877 15
885 23
887 25
888 26
889 27
890 28
891 29
893 31
895 33
896 34
898 36
899 37
900 38
902 40
903 41
904 42
905 43
911 49
912 50
914 52
915 53
917 55
918 1
919 2
920 3
921 4
922 1
923 2
925 4
926 5
928 7
930 9
933 12
934 1
936 3
938 5
939 1
942 4
945 7
949 11
950 12
951 13
953 15
954 16
955 17
956 1
957 2
958 3
964 5
966 7
968 2
971 1
975 5
976 6
977 1
979 3
981 1
982 2
984 4
987 7
991 11
992 12
996 16
997 17
